solid OpenSCAD_Model
  facet normal 0.980786 0.195089 0
    outer loop
      vertex 0.05 0 0.83
      vertex 0.046194 0.0191342 0.68
      vertex 0.046194 0.0191342 0.83
    endloop
  endfacet
  facet normal 0.980786 0.195089 0
    outer loop
      vertex 0.046194 0.0191342 0.68
      vertex 0.05 0 0.83
      vertex 0.05 0 0.68
    endloop
  endfacet
  facet normal 0.831467 0.555574 0
    outer loop
      vertex 0.046194 0.0191342 0.83
      vertex 0.0353553 0.0353553 0.68
      vertex 0.0353553 0.0353553 0.83
    endloop
  endfacet
  facet normal 0.831467 0.555574 0
    outer loop
      vertex 0.0353553 0.0353553 0.68
      vertex 0.046194 0.0191342 0.83
      vertex 0.046194 0.0191342 0.68
    endloop
  endfacet
  facet normal 0.555574 0.831467 -0
    outer loop
      vertex 0.0353553 0.0353553 0.68
      vertex 0.0191342 0.046194 0.83
      vertex 0.0353553 0.0353553 0.83
    endloop
  endfacet
  facet normal 0.555574 0.831467 0
    outer loop
      vertex 0.0191342 0.046194 0.83
      vertex 0.0353553 0.0353553 0.68
      vertex 0.0191342 0.046194 0.68
    endloop
  endfacet
  facet normal 0.195089 0.980786 -0
    outer loop
      vertex 0.0191342 0.046194 0.68
      vertex 0 0.05 0.83
      vertex 0.0191342 0.046194 0.83
    endloop
  endfacet
  facet normal 0.195089 0.980786 0
    outer loop
      vertex 0 0.05 0.83
      vertex 0.0191342 0.046194 0.68
      vertex 0 0.05 0.68
    endloop
  endfacet
  facet normal -0.195089 0.980786 0
    outer loop
      vertex 0 0.05 0.68
      vertex -0.0191342 0.046194 0.83
      vertex 0 0.05 0.83
    endloop
  endfacet
  facet normal -0.195089 0.980786 0
    outer loop
      vertex -0.0191342 0.046194 0.83
      vertex 0 0.05 0.68
      vertex -0.0191342 0.046194 0.68
    endloop
  endfacet
  facet normal -0.555574 0.831467 0
    outer loop
      vertex -0.0191342 0.046194 0.68
      vertex -0.0353553 0.0353553 0.83
      vertex -0.0191342 0.046194 0.83
    endloop
  endfacet
  facet normal -0.555574 0.831467 0
    outer loop
      vertex -0.0353553 0.0353553 0.83
      vertex -0.0191342 0.046194 0.68
      vertex -0.0353553 0.0353553 0.68
    endloop
  endfacet
  facet normal -0.831467 0.555574 0
    outer loop
      vertex -0.046194 0.0191342 0.68
      vertex -0.0353553 0.0353553 0.83
      vertex -0.0353553 0.0353553 0.68
    endloop
  endfacet
  facet normal -0.831467 0.555574 0
    outer loop
      vertex -0.0353553 0.0353553 0.83
      vertex -0.046194 0.0191342 0.68
      vertex -0.046194 0.0191342 0.83
    endloop
  endfacet
  facet normal -0.980786 0.195089 0
    outer loop
      vertex -0.05 0 0.68
      vertex -0.046194 0.0191342 0.83
      vertex -0.046194 0.0191342 0.68
    endloop
  endfacet
  facet normal -0.980786 0.195089 0
    outer loop
      vertex -0.046194 0.0191342 0.83
      vertex -0.05 0 0.68
      vertex -0.05 0 0.83
    endloop
  endfacet
  facet normal -0.980786 -0.195089 0
    outer loop
      vertex -0.046194 -0.0191342 0.68
      vertex -0.05 0 0.83
      vertex -0.05 0 0.68
    endloop
  endfacet
  facet normal -0.980786 -0.195089 0
    outer loop
      vertex -0.05 0 0.83
      vertex -0.046194 -0.0191342 0.68
      vertex -0.046194 -0.0191342 0.83
    endloop
  endfacet
  facet normal -0.831467 -0.555574 0
    outer loop
      vertex -0.0353553 -0.0353553 0.68
      vertex -0.046194 -0.0191342 0.83
      vertex -0.046194 -0.0191342 0.68
    endloop
  endfacet
  facet normal -0.831467 -0.555574 0
    outer loop
      vertex -0.046194 -0.0191342 0.83
      vertex -0.0353553 -0.0353553 0.68
      vertex -0.0353553 -0.0353553 0.83
    endloop
  endfacet
  facet normal -0.555574 -0.831467 0
    outer loop
      vertex -0.0353553 -0.0353553 0.68
      vertex -0.0191342 -0.046194 0.83
      vertex -0.0353553 -0.0353553 0.83
    endloop
  endfacet
  facet normal -0.555574 -0.831467 -0
    outer loop
      vertex -0.0191342 -0.046194 0.83
      vertex -0.0353553 -0.0353553 0.68
      vertex -0.0191342 -0.046194 0.68
    endloop
  endfacet
  facet normal -0.195089 -0.980786 0
    outer loop
      vertex -0.0191342 -0.046194 0.68
      vertex 0 -0.05 0.83
      vertex -0.0191342 -0.046194 0.83
    endloop
  endfacet
  facet normal -0.195089 -0.980786 -0
    outer loop
      vertex 0 -0.05 0.83
      vertex -0.0191342 -0.046194 0.68
      vertex 0 -0.05 0.68
    endloop
  endfacet
  facet normal 0.195089 -0.980786 0
    outer loop
      vertex 0 -0.05 0.68
      vertex 0.0191342 -0.046194 0.83
      vertex 0 -0.05 0.83
    endloop
  endfacet
  facet normal 0.195089 -0.980786 0
    outer loop
      vertex 0.0191342 -0.046194 0.83
      vertex 0 -0.05 0.68
      vertex 0.0191342 -0.046194 0.68
    endloop
  endfacet
  facet normal 0.555574 -0.831467 0
    outer loop
      vertex 0.0191342 -0.046194 0.68
      vertex 0.0353553 -0.0353553 0.83
      vertex 0.0191342 -0.046194 0.83
    endloop
  endfacet
  facet normal 0.555574 -0.831467 0
    outer loop
      vertex 0.0353553 -0.0353553 0.83
      vertex 0.0191342 -0.046194 0.68
      vertex 0.0353553 -0.0353553 0.68
    endloop
  endfacet
  facet normal 0.831467 -0.555574 0
    outer loop
      vertex 0.0353553 -0.0353553 0.83
      vertex 0.046194 -0.0191342 0.68
      vertex 0.046194 -0.0191342 0.83
    endloop
  endfacet
  facet normal 0.831467 -0.555574 0
    outer loop
      vertex 0.046194 -0.0191342 0.68
      vertex 0.0353553 -0.0353553 0.83
      vertex 0.0353553 -0.0353553 0.68
    endloop
  endfacet
  facet normal 0.980786 -0.195089 0
    outer loop
      vertex 0.046194 -0.0191342 0.83
      vertex 0.05 0 0.68
      vertex 0.05 0 0.83
    endloop
  endfacet
  facet normal 0.980786 -0.195089 0
    outer loop
      vertex 0.05 0 0.68
      vertex 0.046194 -0.0191342 0.83
      vertex 0.046194 -0.0191342 0.68
    endloop
  endfacet
  facet normal 0 0 -1
    outer loop
      vertex 0.046194 -0.0191342 0.68
      vertex 0.046194 0.0191342 0.68
      vertex 0.05 0 0.68
    endloop
  endfacet
  facet normal 0 0 -1
    outer loop
      vertex 0.0353553 -0.0353553 0.68
      vertex 0.046194 0.0191342 0.68
      vertex 0.046194 -0.0191342 0.68
    endloop
  endfacet
  facet normal 0 0 -1
    outer loop
      vertex 0.0353553 -0.0353553 0.68
      vertex 0.0353553 0.0353553 0.68
      vertex 0.046194 0.0191342 0.68
    endloop
  endfacet
  facet normal 0 0 -1
    outer loop
      vertex 0.0191342 -0.046194 0.68
      vertex 0.0353553 0.0353553 0.68
      vertex 0.0353553 -0.0353553 0.68
    endloop
  endfacet
  facet normal 0 0 -1
    outer loop
      vertex 0.0191342 -0.046194 0.68
      vertex 0.0191342 0.046194 0.68
      vertex 0.0353553 0.0353553 0.68
    endloop
  endfacet
  facet normal 0 0 -1
    outer loop
      vertex 0 -0.05 0.68
      vertex 0.0191342 0.046194 0.68
      vertex 0.0191342 -0.046194 0.68
    endloop
  endfacet
  facet normal 0 0 -1
    outer loop
      vertex 0 -0.05 0.68
      vertex 0 0.05 0.68
      vertex 0.0191342 0.046194 0.68
    endloop
  endfacet
  facet normal 0 0 -1
    outer loop
      vertex -0.0191342 -0.046194 0.68
      vertex 0 0.05 0.68
      vertex 0 -0.05 0.68
    endloop
  endfacet
  facet normal 0 0 -1
    outer loop
      vertex -0.0191342 -0.046194 0.68
      vertex -0.0191342 0.046194 0.68
      vertex 0 0.05 0.68
    endloop
  endfacet
  facet normal 0 0 -1
    outer loop
      vertex -0.0353553 -0.0353553 0.68
      vertex -0.0191342 0.046194 0.68
      vertex -0.0191342 -0.046194 0.68
    endloop
  endfacet
  facet normal 0 0 -1
    outer loop
      vertex -0.0353553 -0.0353553 0.68
      vertex -0.0353553 0.0353553 0.68
      vertex -0.0191342 0.046194 0.68
    endloop
  endfacet
  facet normal 0 0 -1
    outer loop
      vertex -0.046194 -0.0191342 0.68
      vertex -0.0353553 0.0353553 0.68
      vertex -0.0353553 -0.0353553 0.68
    endloop
  endfacet
  facet normal 0 0 -1
    outer loop
      vertex -0.046194 -0.0191342 0.68
      vertex -0.046194 0.0191342 0.68
      vertex -0.0353553 0.0353553 0.68
    endloop
  endfacet
  facet normal 0 -0 -1
    outer loop
      vertex -0.046194 0.0191342 0.68
      vertex -0.046194 -0.0191342 0.68
      vertex -0.05 0 0.68
    endloop
  endfacet
  facet normal 0 0 1
    outer loop
      vertex 0.046194 0.0191342 0.83
      vertex 0.046194 -0.0191342 0.83
      vertex 0.05 0 0.83
    endloop
  endfacet
  facet normal 0 0 1
    outer loop
      vertex 0.0353553 0.0353553 0.83
      vertex 0.046194 -0.0191342 0.83
      vertex 0.046194 0.0191342 0.83
    endloop
  endfacet
  facet normal 0 0 1
    outer loop
      vertex 0.0353553 0.0353553 0.83
      vertex 0.0353553 -0.0353553 0.83
      vertex 0.046194 -0.0191342 0.83
    endloop
  endfacet
  facet normal 0 0 1
    outer loop
      vertex 0.0191342 0.046194 0.83
      vertex 0.0353553 -0.0353553 0.83
      vertex 0.0353553 0.0353553 0.83
    endloop
  endfacet
  facet normal 0 0 1
    outer loop
      vertex 0.0191342 0.046194 0.83
      vertex 0.0191342 -0.046194 0.83
      vertex 0.0353553 -0.0353553 0.83
    endloop
  endfacet
  facet normal 0 0 1
    outer loop
      vertex 0 0.05 0.83
      vertex 0.0191342 -0.046194 0.83
      vertex 0.0191342 0.046194 0.83
    endloop
  endfacet
  facet normal 0 0 1
    outer loop
      vertex 0 0.05 0.83
      vertex 0 -0.05 0.83
      vertex 0.0191342 -0.046194 0.83
    endloop
  endfacet
  facet normal -0 0 1
    outer loop
      vertex -0.0191342 0.046194 0.83
      vertex 0 -0.05 0.83
      vertex 0 0.05 0.83
    endloop
  endfacet
  facet normal 0 0 1
    outer loop
      vertex -0.0191342 0.046194 0.83
      vertex -0.0191342 -0.046194 0.83
      vertex 0 -0.05 0.83
    endloop
  endfacet
  facet normal -0 0 1
    outer loop
      vertex -0.0353553 0.0353553 0.83
      vertex -0.0191342 -0.046194 0.83
      vertex -0.0191342 0.046194 0.83
    endloop
  endfacet
  facet normal 0 0 1
    outer loop
      vertex -0.0353553 0.0353553 0.83
      vertex -0.0353553 -0.0353553 0.83
      vertex -0.0191342 -0.046194 0.83
    endloop
  endfacet
  facet normal -0 0 1
    outer loop
      vertex -0.046194 0.0191342 0.83
      vertex -0.0353553 -0.0353553 0.83
      vertex -0.0353553 0.0353553 0.83
    endloop
  endfacet
  facet normal 0 0 1
    outer loop
      vertex -0.046194 0.0191342 0.83
      vertex -0.046194 -0.0191342 0.83
      vertex -0.0353553 -0.0353553 0.83
    endloop
  endfacet
  facet normal 0 -0 1
    outer loop
      vertex -0.046194 -0.0191342 0.83
      vertex -0.046194 0.0191342 0.83
      vertex -0.05 0 0.83
    endloop
  endfacet
endsolid OpenSCAD_Model
